0,1,2,3,4,5,6,7,8,9,10,11,12,13,14,15,16,17,18,19,20,21,22,23,24,25,26,27,28,29,30,31,32,33,34,35,36,37,38,39,40,41,42,43,44,45,46,47,48,49,50,51,52,53,54,55,56,57,58,59,60,61,62,63,64,65,66,67,68,69,70,71,72,73,74,75,76,77,78,79,80,81,82,83,84,85,86,87,88,89,90,91,92,93,94,95,96,97,98,99,100,101,102,103,104,105,106,107,108,109,110,111,112,113,114,115,116,117,118,119,120,121,122,123,124,125,126,127,128,129,130,131,132,133,134,135,136,137,138,139,140,141,142,143,144,145,146,147,148,149
1.0,0.0014208364959781283,1.2652717526262514e-05,0.0008993931509024833,0.0002423233184363216,0.0009974703342495728,0.000920457207426062,0.00022040647710275252,0.0008648005148937932,0.0012354911110340483,5.365009006941257e-06,0.0010275886340191942,0.001169578351369105,0.0002355657143234824,0.001459017249387684,0.0018981326911571283,0.0010939620879093503,0.000123923140891824,0.0003585087688976474,0.0008607803777325174,0.0014490832941922438,0.0008405934711259722,0.003287398173007383,0.002735983239301354,0.004131604407889955,0.002771914854610147,0.0011814142520296667,0.00011431284523766294,0.00023850298783045787,0.001344624732942834,0.0016406549045679952,0.0012070653800292375,0.002224125665935439,0.00149693479516666,0.0011267735540967383,0.0007615455184646347,0.0009085388412678475,0.0006187631675830252,0.00015825612254960486,0.00023716585550981328,0.0002580601964787821,0.008587075899923025,0.00043447169632881977,0.0026103416272651447,0.0034026093611604358,0.0012625428577973663,0.0010000713828320906,0.00027088099070882166,4.6161201534888896e-05,0.00017993014601169754,0.07161964128508802,0.07401394014982354,0.08233635461287592,0.09359903096879996,0.08654229812381753,0.09266760152606623,0.08093461635990717,0.06700241500078996,0.07969531837462951,0.08399110690103784,0.0883301277412275,0.07644924333543224,0.08612338994239821,0.09141444468397808,0.05976759598289394,0.06858976372964531,0.09236374847268147,0.07526130401838016,0.10768527549988194,0.07825014900800675,0.09738387023743034,0.06941032976804118,0.10895935551289782,0.0916445866793314,0.07267790960813358,0.07220892985892513,0.08763561753692761,0.09358639530590784,0.0877001927145874,0.058825053035363006,0.0792710716627476,0.0741364227286565,0.0709776062638644,0.11670750847619149,0.09669149840448488,0.0771572655946684,0.07879313707186664,0.0961874181781549,0.074355610308249,0.08667700881437379,0.0972868075537553,0.08521442069521257,0.07741980317994479,0.06888863798238898,0.0861925021942237,0.07475768630776047,0.07885133076189565,0.07504224693459882,0.0524842976407115,0.07802369429392275,0.1399186683412711,0.12655755836797222,0.1209977974401788,0.12515783599301422,0.13134369939473145,0.13306336430009758,0.1291190297589826,0.1285461300558438,0.1365532650304616,0.11601603631392943,0.09963249795313278,0.12063862735718522,0.11404741859907519,0.13409334676462203,0.13451975738986255,0.1136856302896937,0.11469396925545139,0.11505768108543535,0.1547941138251009,0.1290639039736775,0.11634185935831509,0.12299625487800814,0.13892069554794317,0.10732534072828326,0.11401189731264472,0.11254699207391261,0.102661675846485,0.10210743168339864,0.1311137817471395,0.1095061533992403,0.1250127557795172,0.10108758706587528,0.13297245152203996,0.10624128747974282,0.13360037386266455,0.12002866706220705,0.12233784224674449,0.11387071081177647,0.10061412033860295,0.106491503713255,0.121744289376026,0.1014728977091861,0.12655755836797222,0.12438708852105518,0.1213810926576544,0.11044405765262144,0.11910000321345604,0.10821359409754339,0.11609070273139854,0.11329724493338089
0.0014208364959781283,1.0,0.0012085472696276023,0.0012060695487483564,0.0027592041033983605,0.003073618383370391,0.0037201033026205144,0.001086104264360177,0.0007391090243299425,0.0003479066676392861,0.001349154556414267,0.002449305211829955,0.0001848258731185215,0.002330856557579697,0.0038997403275206066,0.006306992768818631,0.004136261676352615,0.0015079538473401488,0.0007489001491594038,0.0040049414333516165,0.00030763412242751365,0.0032877725328568363,0.008690908768170802,0.001886319867610231,0.004759212208714669,0.0004518075106081376,0.0017148300769065372,0.0008870362627487749,0.0005712878318978598,0.0017151033021739481,0.0008481417648809053,0.0004755162963114845,0.006931333423434105,0.005812677755484774,0.00020149832063232065,0.0009707822126310273,0.0010390338197944216,0.003595319643646566,0.0011371494517252723,0.0007059826260328306,0.002310087023733143,0.0031332241126472704,0.0029870114510932577,0.0037693563821216136,0.005500833676575501,0.0002008176730917688,0.003926149742052409,0.0016237803481498059,0.0017731167737806697,0.0005915303327552746,0.05999724381503846,0.06370641758518292,0.07013134210960514,0.08013181459005259,0.07367001958914154,0.08141244355262467,0.07113293213888594,0.056572407512281875,0.0672236906239918,0.07399391773719632,0.07436325612016303,0.06637101257022582,0.07110615699740419,0.07973071564429224,0.0506105034813471,0.05728556299485954,0.08253602792213854,0.06369581759110432,0.09187791842725046,0.0660440786282197,0.08770052527682881,0.05797507190926965,0.09440712663894502,0.0793850327463842,0.06090093768357019,0.0605219306076481,0.07407055749029012,0.0810738725930028,0.07643821847855692,0.04763445966687552,0.06672884609488083,0.0617322711354964,0.05965689749938752,0.10363138751065792,0.08731269454616886,0.06880612599202085,0.06714243170124246,0.08091157307423458,0.06509132208264623,0.07454103407093404,0.08531343646707334,0.0742293315196434,0.06532834840456492,0.05746149139032486,0.07489175970911954,0.06513626390041449,0.06859886400651583,0.06364101799436106,0.042790810506661,0.06727677934169385,0.12872765490632831,0.11385917364070719,0.10708423196882011,0.11221780421903427,0.11844388028091224,0.11798239091684926,0.11767647578775775,0.11356772923517722,0.12073037549045129,0.10467823510013052,0.08844178395358471,0.10671831879580973,0.10091826155507355,0.12051300308824375,0.12244533269579838,0.10247664283589186,0.10203920120079157,0.10334656259155828,0.1376434029036917,0.1131499928091887,0.10390175357324971,0.11148601665661084,0.12274266874276207,0.0939291123906435,0.1023919789744443,0.0993726668452346,0.0901090237406249,0.0907703181875309,0.117493454837313,0.09550961972254635,0.10956056137848091,0.0893312967718124,0.11936188051611551,0.09320762754556966,0.11935153439055513,0.1051655274361849,0.11204584599518219,0.10191688462861404,0.08958258804398789,0.0938067158988134,0.10922099707908395,0.0890870997760207,0.11385917364070719,0.11193127123539603,0.10978099025952603,0.09776669566694451,0.10448839324698012,0.0958495458668821,0.10619992467138906,0.10212555171692383
1.2652717526262514e-05,0.0012085472696276023,1.0,0.0007830166179406683,0.0003318607410929264,0.0009609755101392947,0.0009638458743316258,0.00017160229984236608,0.0007171449500251725,0.001091529089439991,1.440690394527433e-05,0.0009943129540693763,0.001028083670152946,0.00034520009515892625,0.0016070141867488008,0.0020814959751305206,0.0011810348667602444,9.327008978721185e-05,0.0002489229092673684,0.0009500011222982607,0.0012447555815480182,0.0008373637356622332,0.003630322617264148,0.002414184611310266,0.003996526134135259,0.0024688022355563444,0.0010115164825009737,6.987178571171704e-05,0.00017487333569210506,0.0012251184958128603,0.0014398825556839467,0.0009819949849855236,0.0025137187225274804,0.001746674216632993,0.0009369977735327328,0.0007069036276841079,0.0008584650507401648,0.0007785227590074717,0.00010992291451017433,0.00016427012867403779,0.000285628959145412,0.008012375034614161,0.0005049068684868097,0.0024076078083294927,0.0033222239077931315,0.0010270492105640683,0.0010987886707574113,0.00024862356298205324,7.88159592280957e-05,0.0001112005152912321,0.07007146324916247,0.07249425840244395,0.08069469793058015,0.09181647938662041,0.0848239373845584,0.09105528391417061,0.07940616125390687,0.06554001522114028,0.07807582103517341,0.08241892411967311,0.0865862172852877,0.07490899939722429,0.08437585747837706,0.08977143251558783,0.05836595134958744,0.06705564023336308,0.09079251606742322,0.07375550379945528,0.10570868704035219,0.07665279942784076,0.09575898879156697,0.0678583467414553,0.10707148591475735,0.09001514822240664,0.07111143181540125,0.07063459101450842,0.0859098518942587,0.09184170503562028,0.08606065043454747,0.05738288518735668,0.07764266251436758,0.07256088413706041,0.0694398244419,0.11486601295846477,0.09513209431554626,0.07572227605401238,0.07718649384356235,0.09432955041585522,0.07291344524978727,0.08499988952828985,0.09563165372398819,0.08363229919331117,0.07581441126385391,0.06736049254114262,0.08458185423140152,0.07332420966726028,0.07733591105056214,0.07348471058687256,0.051093482099982435,0.0764748513294593,0.1380014750078512,0.12463801213976733,0.11904449839843467,0.12328593094561979,0.12938788559793868,0.13104168628194035,0.12726293963529312,0.1265851082962457,0.13448678195136687,0.11418055162541485,0.0978883826253446,0.11868359605964374,0.11213978344967834,0.13206544915707852,0.1325138440209408,0.11184454060196547,0.11286954984999642,0.11328840694299491,0.15256499953064484,0.12703120763250697,0.11444439158018815,0.12112576965373756,0.13684053523721285,0.10544427593919359,0.11220823875049613,0.11073078938011283,0.10084085787310504,0.1003683417504666,0.12912019255797158,0.10768200898264779,0.1230069628528,0.09938521552148638,0.13095409433337846,0.10446385070334607,0.1317121321018031,0.11800444240343011,0.12052688396279332,0.11209190432447336,0.09889208832459007,0.10463359252120263,0.1197972060801955,0.09960010094356841,0.12463801213976733,0.12247194886856316,0.11948197375578296,0.10852184329348591,0.11709035720498262,0.10637132709353014,0.11433096533484499,0.1115405808437252
0.0008993931509024833,0.0012060695487483564,0.0007830166179406683,1.0,0.001282958120454425,0.0008652052544593225,0.0013042911732688012,0.0002305267110384035,6.060967085452784e-05,0.000614085380689966,0.0007938401623932556,0.0002555146934603014,0.0009434615350071285,0.001893005012021387,0.0046203035539836845,0.0038649853186741856,0.003327321999646804,0.0009713578666086242,0.0002583628575587582,0.0016395376878628465,0.000467203921776127,0.0013833444057175237,0.006858577756569062,0.001181761621037447,0.001418472393384107,0.0012935682055713604,0.0004453489944455935,0.0004333726211048772,0.000997341417081632,6.295738012462859e-05,0.00021802413624527617,0.0013452346156734851,0.0036759457896720082,0.0037514510526102107,0.00045116894857222256,0.002352756594721561,0.0025967146529134455,0.0016652614468223303,0.0003189670796278632,0.00030643540286279247,0.0017034161527524905,0.007096488374161325,0.0010371098243403543,0.0019760564078213916,0.0016993216690889268,0.0009249048878371413,0.0012129756747236708,0.0002878505656916941,0.0007877749933359324,0.0006414496774415079,0.0576365352129542,0.059786679292026745,0.06727539126352677,0.07770666113633384,0.07128877620377527,0.07630880588392341,0.06598784369888755,0.05339870914448508,0.0648396970845756,0.0688871475685554,0.07287464633577367,0.062111691943018355,0.07108847263319396,0.07527421420941316,0.047295630444961434,0.05504825057123297,0.07626663934742184,0.060532100402013955,0.09099754243126879,0.06350194122389807,0.08115548046110177,0.05584179032475234,0.09162060490417434,0.07530497630369415,0.05862737925749628,0.05830229729477676,0.07218812778938122,0.07763206527483324,0.07212857053454103,0.0463533473142268,0.06452276322781303,0.059860052235670036,0.057075256143641284,0.09850147281891919,0.08020898180531122,0.06267692868529484,0.06411731363618378,0.08030615409612551,0.05990340028213503,0.07126450566287623,0.08045466861845019,0.06966751022788586,0.06285587416317795,0.05523485159703656,0.07061178806153612,0.060083968987568404,0.06393368084377382,0.06063861377209634,0.041119112998519114,0.06329174806650018,0.1207294450540567,0.10797759861545186,0.10284307299271545,0.1063003216462689,0.11246316261039124,0.11377579010768668,0.11035397238763511,0.10939330241239409,0.11704519404781177,0.09854306470181395,0.08338907640502946,0.10253621740704932,0.09661065423520854,0.11523295079492402,0.1162403509563712,0.09662103005360256,0.09671855479398783,0.09700368499584522,0.13426257142461373,0.11013292694058407,0.09883897197064062,0.10496266191892034,0.11920082386703823,0.09040087795573637,0.09635208637052384,0.09461713313486331,0.08611822568225458,0.08544322474106347,0.1122646881564886,0.09181538320352167,0.10642172101488145,0.08413237079338542,0.11413569870981655,0.08882311460528858,0.11373227145412479,0.10228599772760794,0.1045496520902256,0.09591779619751917,0.084129252159312,0.08973271273526373,0.10404038555733663,0.08571417874733689,0.10797759861545186,0.10611357202611837,0.10375974863449366,0.0938284351356582,0.10141953114230562,0.09123124699582486,0.0987648131672233,0.09555844760097087
0.0002423233184363216,0.0027592041033983605,0.0003318607410929264,0.001282958120454425,1.0,0.0007003337659186037,0.0003965060972908052,0.0005352987624928085,0.0014703028885314495,0.002247104883309259,0.00026137214610866266,0.000915850952076136,0.0023098853231350303,0.00032779351563572146,0.0017003275374394278,0.0009503509852951675,0.0008416324911859618,0.00036423601093116265,0.0008676030411968183,0.0002611037573961861,0.002496560596152997,0.0005099012289468963,0.0022208391576504782,0.0034995017496260994,0.003981310566770202,0.0042652649797166875,0.0014776191230773117,0.0005385622297213732,0.0009615218438773221,0.0016178694856333609,0.0024296335607698616,0.0022824175674762692,0.0010483333511864812,0.0006673560410983548,0.0021359938949881974,0.0017166963713360905,0.0019224889484157348,0.00016993268757337088,0.0004495368517112297,0.0007509071168987358,0.00031050470459026425,0.011530910235629022,8.083737307074124e-05,0.002617316135281489,0.002761205432377012,0.00239746563771559,0.00039140869903397935,0.0003573073052711706,0.00011232647993619782,0.0008027874068217145,0.07472804556626322,0.07644114080703979,0.08547741154768962,0.09714138172789544,0.08994705669124348,0.09508167678207358,0.08296270506117198,0.06963399925316616,0.08301393086130693,0.08606997881807255,0.09221555790850722,0.07873692751437777,0.09060351474769679,0.09407498558772487,0.062034703803918956,0.07164031966898476,0.09415075907251258,0.07819510953168762,0.11214390779679084,0.08146821940315518,0.09905926272215126,0.07251431765245675,0.11269546857228485,0.09454502038412371,0.07584254191288642,0.07535835967154336,0.09133286944368602,0.09666270518312625,0.09027724406389714,0.06206685967571457,0.0826442877552267,0.07755469364680723,0.0739594927996825,0.11955629975391757,0.0981817343854331,0.0786026744236471,0.08175543467028534,0.10058818743684628,0.07624852398689208,0.0897019002265893,0.09993828151305695,0.08767659641642467,0.08061928984099254,0.07197655479248455,0.08879355669797895,0.07677915158295356,0.0811074382550746,0.07795294399434749,0.055245517134008604,0.08055045933445104,0.14162183070092615,0.12912348993942135,0.12423521260125547,0.12779447163120394,0.13393410096774216,0.13660888628451073,0.13105157604243856,0.13208576807686678,0.14039999520334412,0.11817736475872298,0.10200649683549223,0.12388995006258496,0.11706801487393326,0.13699958398045542,0.1368220727134919,0.115869161948845,0.11739162228660649,0.11729453904658071,0.15902468531051672,0.13308573129828083,0.11901640915877343,0.1251132720726743,0.14289088655917093,0.11059070382207858,0.11627926406616507,0.11550830703323556,0.1056137756321005,0.1044649454398745,0.1340510177270452,0.1129143861715689,0.12888995744988552,0.1035962482543139,0.13590096763972637,0.10925249695223316,0.13665207369023769,0.12379539003478146,0.12392962112263017,0.1162444757816109,0.10286550347770873,0.10945263831386398,0.12440339201715145,0.10449560900746935,0.12912348993942135,0.126901302066469,0.12362142281492738,0.1134146742027875,0.12276171321554086,0.11097584668229032,0.11759891159273506,0.11534217581401152
0.0009974703342495728,0.003073618383370391,0.0009609755101392947,0.0008652052544593225,0.0007003337659186037,1.0,0.00013143808208582186,0.0007371083987017801,0.0011313741986216375,0.0026277161829701967,0.000993327490389273,0.0004829898885062578,0.0029659781513092787,0.0018303797362413388,0.003965769210250603,0.0014753738037182051,0.001626689135706627,0.0007023391641274301,0.0008031383136618553,0.00034526160300230035,0.0023291483079461717,0.00013867758792207585,0.004222827211456726,0.0016991342815949606,0.002322365455108444,0.003845321030954474,0.00042904903288021323,0.0009930256747505695,0.0017706867213157507,0.0009498101722937857,0.0018259863847150948,0.002082061306683314,0.0021473878912182665,0.002042043143793415,0.0020750868621649543,0.0030779094223065684,0.0034332541235805314,0.0011944086536476162,0.0006328096360460611,0.001057691413929751,0.0009519862738007756,0.01092579497186108,0.00037286463131258607,0.0007954660985115547,0.0009184143109254306,0.0021468125942442073,0.0004912957487391845,0.00043562197331470376,0.0007508323820165641,0.0013686608293342895,0.06390129912939835,0.06474062296118133,0.07370877884990845,0.0846137140507387,0.07786677079722037,0.08226105753381985,0.07044915132068086,0.058874681870601187,0.07176708753641137,0.07321053451373916,0.08066094913115185,0.06660198250639893,0.08003378464831656,0.08139195949298428,0.05136993915359189,0.06089779022431807,0.0807169923901414,0.06740332343825173,0.09920367039143374,0.07027680874130526,0.08492227587388379,0.061688045308257555,0.09933924041789655,0.08236235953745141,0.06492823440187534,0.06436010139408999,0.07964181431175177,0.0837216198347841,0.07754996295000816,0.05261789794100413,0.07141418683405598,0.06694693482588987,0.06303190239808998,0.10509118286465924,0.08433217029191298,0.06606446791929055,0.0700646163900992,0.08875829388231304,0.0643795476823783,0.0773711733845106,0.08705285019716458,0.07530534247248111,0.06934094362305854,0.0613398693208671,0.07637731993704544,0.06517963647528613,0.06909389456262172,0.06666949783987297,0.04560936515246938,0.06868494494354349,0.12445912437059803,0.11341836145939166,0.1093577194167279,0.11262565791647283,0.11789507092856721,0.12147174392045745,0.11488681674904899,0.11752559458310063,0.12531062650132618,0.10271865303224814,0.08788856664980205,0.10902443350258251,0.10234159697264711,0.12080033042739136,0.11990073426847747,0.10043695836358468,0.10286412531428923,0.10252339532049115,0.14292167711448445,0.11866325289960389,0.1038113864405763,0.10919240102203442,0.12785248890646095,0.09657046470162844,0.10127523013660178,0.10149553728411698,0.09168851766747654,0.09032309874163025,0.11822766401580098,0.09958471318204964,0.11452013575914377,0.09001813328762087,0.11983081488399794,0.09574133526175188,0.12190289809119892,0.10915995661346878,0.10773474407838457,0.10161859428465814,0.08872945326486648,0.09516942769182324,0.10868348733641531,0.09027809092745298,0.11341836145939166,0.11118524354343762,0.10767597326228662,0.09855509574982124,0.10809822464005714,0.0964905504184359,0.10179913807620944,0.10040847424408816
0.000920457207426062,0.0037201033026205144,0.0009638458743316258,0.0013042911732688012,0.0003965060972908052,0.00013143808208582186,1.0,0.0009095317894114441,0.0016478123091908659,0.0031324420720481028,0.0009374788220561925,0.0006807404850114329,0.0034285457013668585,0.0014256139347755825,0.0033141785735515406,0.0008113561913374312,0.00120409548057554,0.0007389400635890997,0.0011469834668448309,5.491449625516509e-05,0.0030238895379217645,0.00011512345748243558,0.002987497846894338,0.0027356591210144776,0.0029755480922882827,0.0048570628682248485,0.0009813233054158932,0.0011267735540965162,0.0019187302165296627,0.0014320892189942924,0.00254725688893942,0.0027129147170904533,0.0012621760453923603,0.0011868917652828603,0.0026999246904705343,0.003126081624326038,0.0034622841988508624,0.0007059283839643271,0.0007873745358281115,0.0012923123531862757,0.000772917360590597,0.012676987829873032,0.00015795154979514336,0.0014073299973859088,0.0013093850685520492,0.002855822972329558,0.00023589003523083463,0.0005316064138821686,0.0006330667988179162,0.001556391914285249,0.06939465240347942,0.07016024784676878,0.07954927792857691,0.09090925275495854,0.0839297779563194,0.08813351553478521,0.07594921343612293,0.06409463470001775,0.07753811540984701,0.0788382950814055,0.08682851339891595,0.07207872874219468,0.08619092525516403,0.08732848328091458,0.0563052317017837,0.0663076633631069,0.08643376946776649,0.07286130630120491,0.10610431852705793,0.07597719177924223,0.09078213427739279,0.06714754799837985,0.10605640240742353,0.08829555976279602,0.07047663954063621,0.06991253899696581,0.0857555048675459,0.08990989424596751,0.08341519220926996,0.05769439690509104,0.07719854695222783,0.07255188648234512,0.06848568200493921,0.11174631405098723,0.09004728984142885,0.07125846160580285,0.07577019665810014,0.09527600698007266,0.06960696295020552,0.08333211083874492,0.09309134979079714,0.08101981863779173,0.07504147339151312,0.06674803048249567,0.082172293388307,0.07041369065626801,0.07456773345127399,0.07222192023250495,0.05042256131393408,0.07423407532316084,0.1313583756515131,0.12029571875925538,0.11630277294831703,0.1194158125340875,0.12489529664092625,0.12871814297712858,0.12159882108331188,0.12460620373542974,0.13270425409440345,0.10925414605353223,0.09407661053542593,0.11596894092830656,0.10908893977128076,0.12799150151765215,0.12695157547865765,0.10694484171515162,0.10944638501547443,0.10895711028666843,0.15084375480905943,0.12591962340871388,0.11052596315935914,0.11587183702286508,0.13530737941630055,0.10320817678015426,0.10775506393748957,0.1080633675480639,0.09812319081018162,0.09654172551625206,0.12533325673981333,0.10616584765099202,0.12166799850343024,0.09618154849515825,0.12699661895602232,0.10216111773405734,0.12885603110266752,0.11626103203300742,0.11421826809138325,0.10807123998479173,0.09488242770940158,0.10171954284520524,0.11554225845079302,0.09676375880916255,0.12029571875925538,0.11801756703981103,0.11438908280695304,0.10525128189210098,0.11515209682299343,0.10301667999388742,0.10810316487461857,0.10676997832778468
0.00022040647710275252,0.001086104264360177,0.00017160229984236608,0.0002305267110384035,0.0005352987624928085,0.0007371083987017801,0.0009095317894114441,1.0,0.00024407151420979822,0.0006824368030686756,0.00016882981711308087,0.000422170181073378,0.0008124539636951145,0.0008191570175862806,0.002798056791666559,0.0026783720971861325,0.002007671272042044,0.0003352640033134069,9.350600796531605e-05,0.0010407899628929185,0.0007314847610404573,0.000918957902690476,0.004842592296985249,0.0017878106339294098,0.002563830350046259,0.0018092053047318313,0.0006248233216280541,4.5470126854296744e-05,0.0003868091875558477,0.00048577398486016055,0.000709325386708648,0.0010773286245375768,0.002708128108892316,0.0023916675368553797,0.0005644902147466935,0.0013234869353666578,0.0015152294652039933,0.0008991899158005134,1.727992729549932e-05,4.471993577404021e-05,0.0007677471378610967,0.007638640183913803,0.0005150974930312469,0.0021386706458473848,0.002367397934668225,0.0008864190707524866,0.0008831742260887454,5.7646988693926815e-05,0.0001876797464083202,0.0001823842728113645,0.06459149070403358,0.06689114553862263,0.07478755289099048,0.0856536399358011,0.07890923450196863,0.08448175726125928,0.07346892612041511,0.060165176106161455,0.07223213913383975,0.07645923718656245,0.0805726703119033,0.06928703601558106,0.07854745052063528,0.08333868081014162,0.053514191907622854,0.06178797846047024,0.08433654035007154,0.06784053762068909,0.09935176106446242,0.07083968008945973,0.0893187266565072,0.06259863511562846,0.10029777476648793,0.08344465142423563,0.06561894413791836,0.06522871003699082,0.07988664524034417,0.08562288179583932,0.07992250837941417,0.05252638821942335,0.07186367014166462,0.06694823387021764,0.06399497530474552,0.10763489550091065,0.08847924784351646,0.06993139987536945,0.07144037014546611,0.08822481464665388,0.06711828060659564,0.0789686654638676,0.08885889079184295,0.07743275756389056,0.07010924036056787,0.06202384526324789,0.07839640194165431,0.06739380103142156,0.0713804886722047,0.06781302563661395,0.04676779502537931,0.07064556138537936,0.1304447516529481,0.1173430444498248,0.11197394394592586,0.11577498722312896,0.12198760401943254,0.12346288692423868,0.11982320188092255,0.11899007769308456,0.12683842255556688,0.10736476321735267,0.09156462307171542,0.11164166650347462,0.10538957866774079,0.12475783188232237,0.12551508546587453,0.10524662114187655,0.10574315467708395,0.10607279147806259,0.1445946063671959,0.11962188200799984,0.1076679962626792,0.1140728010224098,0.12909426245250522,0.09890541417566723,0.10524346330701828,0.10359925277480342,0.09443357861802504,0.09382075890291719,0.12176743990502004,0.100656713995523,0.11574435977229725,0.09262505901838658,0.12364363155270452,0.09753859262842557,0.12367542579604762,0.11121391075088083,0.1135504860399007,0.1049332305904398,0.09241990783092635,0.09816715429524259,0.11298864341511305,0.09366854113654866,0.1173430444498248,0.11533256924057278,0.11267510077375553,0.10222062997664605,0.1103179954160316,0.09977982947500441,0.10752613615503293,0.10448251257779839
0.0008648005148937932,0.0007391090243299425,0.0007171449500251725,6.060967085452784e-05,0.0014703028885314495,0.0011313741986216375,0.0016478123091908659,0.00024407151420979822,1.0,0.0003833070152498008,0.0007671020444883769,0.0005493434442187528,0.0006114102497953855,0.0018880069540674338,0.004378236579990258,0.004255830152220197,0.0033445116078085757,0.0009073065793764323,0.00016460271986662445,0.001993535130685564,0.00022277109934398798,0.0015935452145138251,0.007200188385797501,0.001020117115009822,0.00191633974776928,0.0008730092915064658,0.00046754223757883295,0.0003667149865009822,0.0007425841525445787,0.00021567602336725056,0.00013361003312795106,0.0009116836008099538,0.004315659675389494,0.004115894264095754,0.00018925298611294217,0.0019019978288069561,0.002114670603372004,0.0019874935559058837,0.0003198285724773653,0.000218541462971511,0.0016719902615712767,0.005915508760891308,0.001311096143991608,0.002059550798242271,0.002277459042594132,0.0005291295741118862,0.0016598142016850392,0.00040618999798824884,0.0008570219119018452,0.00046128261360001144,0.05733531616535459,0.059791552138028226,0.06703424723339368,0.0773153876260736,0.07091246143309482,0.07654119717778252,0.06623185670841658,0.053290913776237625,0.0645244551994254,0.06909684799921945,0.07233082911210964,0.06216464725566395,0.07026610571944303,0.07535948538993997,0.047211114763621165,0.05471721744995317,0.0767241947662538,0.06043757444588149,0.0902178353955525,0.06322715290186254,0.08162483750921201,0.05547963586256455,0.09127297685158786,0.0753438172623131,0.05829941161497765,0.057952392737324,0.07172718046498483,0.07745133877569943,0.07216596738351311,0.04588084465022335,0.06416465017716677,0.059464600438832615,0.05681737741442938,0.09863877535522414,0.08083893717479296,0.06314671521349702,0.06391655149694664,0.07953659088779641,0.06020136613191962,0.07108440036933161,0.08063114624250711,0.069793274267829,0.06255447155226368,0.05491157858726048,0.07066717149398316,0.06037472246287445,0.06410263738156452,0.060460718894905896,0.04070722934163529,0.06330710614320523,0.12135312309961199,0.10820155378027696,0.10273439413356689,0.1065802285779831,0.11268913547578796,0.11365694597119091,0.11088856935795044,0.10931070397586296,0.11680946205907639,0.09882920837714826,0.08350365298242546,0.10241353761493821,0.09651812420174166,0.11527856070723941,0.11644011133368992,0.09683594775511839,0.09689260445507208,0.09740372871700809,0.13389055687664997,0.10978147303984276,0.09888967939612048,0.10531383993622101,0.11893855265620912,0.09017031455541846,0.0966547050661608,0.09469668201268189,0.08599945704326872,0.08562821342357241,0.11232777718425302,0.09169236697165006,0.10609782815885316,0.08433656308464144,0.11417832655350824,0.08884580035192102,0.11399155971630137,0.10186496220978913,0.10510755687863416,0.09624565791063056,0.08434196115225412,0.08960874132518315,0.10408154201793618,0.08541204675090852,0.10820155378027696,0.10631639328773834,0.10398239973504408,0.09362388413535083,0.10104040240916223,0.09122472518189317,0.0993320910692278,0.09599392091796655
0.0012354911110340483,0.0003479066676392861,0.001091529089439991,0.000614085380689966,0.002247104883309259,0.0026277161829701967,0.0031324420720481028,0.0006824368030686756,0.0003833070152498008,1.0,0.0011067957143247042,0.0014791390226828183,7.125674722663344e-05,0.0020377230583457084,0.004375543068012688,0.005963079068338373,0.004497037901943113,0.0015921640759217759,0.0006498476091799654,0.003393586249571534,0.0001203970924588127,0.0030970780114178975,0.008395015327932631,0.0021890331531546625,0.0031326528386139696,0.0005025600180790235,0.0016389584065583662,0.0006471738320649179,0.0007101994157953095,0.0008986407676003783,0.0003825537828210379,0.001228634964071551,0.005522990099940062,0.005176681312685338,0.00013920786446364186,0.0015860611701025151,0.0016773969104285635,0.0026405363845684038,0.0008433765606752353,0.00046746406669084806,0.002454997816725535,0.00475298359811116,0.002323580800249747,0.004068326722838633,0.004326098578145143,0.0006733661775555344,0.0028454657868248745,0.0010918917833638853,0.001375665782221147,0.0005778454581770731,0.05957328961371999,0.06307066986882048,0.06959730949600906,0.07991145709173264,0.07348052807591754,0.07992388294113517,0.07014487432624761,0.05592387568460366,0.06663561958392916,0.07319258861938083,0.07409656512480356,0.06583673441163451,0.07102227696915331,0.07855569589276246,0.05042342259987309,0.05708961893523257,0.08109347288294799,0.062483166557718905,0.09225171368084062,0.06539922118291097,0.08657343212039215,0.057873870898818014,0.09386170957028883,0.07791447877522417,0.06054545928060595,0.060328178817915634,0.07372573589048093,0.08065276875685778,0.07566246592267545,0.047500835493755944,0.06626715681611195,0.06121990651869946,0.05924691952966299,0.1023552458110093,0.08558481185516453,0.06762718473228002,0.06667639933584035,0.08102852221789814,0.06387453357164397,0.07403709825866689,0.08373587475916255,0.07309104885753837,0.06487592152376964,0.057134332458910864,0.07389850169691281,0.06366934107439837,0.06748365446745219,0.0630321509494216,0.043195391459602606,0.06646543045871633,0.1275730306300259,0.1129417066008439,0.10654530547331431,0.11074736138828112,0.11756537559089641,0.1170518514592731,0.11633100012511466,0.11230304742363462,0.11988947886186596,0.10404709683944813,0.08798166687760434,0.10622546609791406,0.10061668688487946,0.1200849734329057,0.12242152697409292,0.10217012061995467,0.10084187004363743,0.10181342969068452,0.1371414746441718,0.11243585409166379,0.10356516797201765,0.11071692456276916,0.12181923092687563,0.09374289914906753,0.10137565740264542,0.09808544515315032,0.0898408136083817,0.0899795436979397,0.11682155282081896,0.09434072667758264,0.10893095872601699,0.08803620936757206,0.11887722976944459,0.09199589355557103,0.1171809920984791,0.10529554186083856,0.1111562210265642,0.10048991079013991,0.08882371543890077,0.09364725756065972,0.10909883328079961,0.08972954834916647,0.1129417066008439,0.11121254177927509,0.10947843930181123,0.09816455309392447,0.10458422786710608,0.09546833711953817,0.1052943277410554,0.10077315450703406
5.365009006941257e-06,0.001349154556414267,1.440690394527433e-05,0.0007938401623932556,0.00026137214610866266,0.000993327490389273,0.0009374788220561925,0.00016882981711308087,0.0007671020444883769,0.0011067957143247042,1.0,0.0009307526818662648,0.0010661544893351138,0.0002659752925404657,0.0016036733095647904,0.002028005569758129,0.0012436972283302872,0.00015688801333213487,0.0003185016470946822,0.0008941163749601744,0.0013235014789150235,0.0008873148200341241,0.0034816593291889797,0.002671924718221197,0.00390919917939736,0.0026159373316431145,0.001144301949908333,7.960160846209874e-05,0.00023028988999851396,0.001213555058192206,0.0014956335539604293,0.0012137749492536765,0.0022449952062318923,0.0015932073959941118,0.0010273773553236554,0.0008082705637068033,0.0009552570130059168,0.0006093729954438354,0.00012520454158304606,0.0001868421433519618,0.00033283736021227917,0.008465929177976173,0.0004342862710638995,0.002643166223697424,0.0033043825470511212,0.0012192723359379931,0.0009667217002938822,0.0002267322375183456,4.0165288977322966e-05,0.00015556463881571947,0.07088598520230727,0.07331274892434769,0.0815551696862411,0.09278939364123695,0.08576802223447944,0.09181132661328884,0.08021042819885404,0.06629998326322284,0.07889823587208933,0.0832775281363064,0.08749722949484084,0.075768419247777,0.08526817629197869,0.09057582773595263,0.05918253832111142,0.06789930827509127,0.09157797268935708,0.0744363511216215,0.10683101423597485,0.07745947181785073,0.09663821946369833,0.06872431672691148,0.10805306221074173,0.09074612276169924,0.07194439266873276,0.07149854444792736,0.08681187790072309,0.09279616294311877,0.08692938837549868,0.05815613993508029,0.07848579817865187,0.07335588003658722,0.07025953305788513,0.1157779564169561,0.09589063523220143,0.0764802639292892,0.07804737683971519,0.09533539234324895,0.0736342928471514,0.08589906291431826,0.09638477841692616,0.08441599584713255,0.07665709365544615,0.0681772502169865,0.08539586124741894,0.07399097177569292,0.07809342327013302,0.074294150743759,0.051950910402888795,0.07727918064867578,0.13907743594656619,0.12568111574454988,0.12011323251504002,0.12420710250904943,0.13046004277722023,0.13207398553427507,0.12824918287664655,0.12752551698105052,0.1355391124947244,0.11524115049518047,0.09889382032885408,0.11975932078082085,0.11323008316552252,0.13322963269668853,0.13377253440375103,0.11295595579635664,0.11379377798490942,0.11416138270543807,0.15374990433290392,0.12806481779250423,0.11555054189862157,0.12219357892071303,0.1378798859591338,0.10651347206740902,0.1131802577902632,0.11161430653953697,0.10188137126552477,0.10132199040514822,0.1302213973263484,0.10855235842191635,0.12404638220904851,0.10022527675914183,0.13210133603817464,0.10532767424804712,0.13250557979794675,0.11917978683608099,0.1215779121664533,0.11297630662571301,0.09984730187205948,0.1057154956899733,0.12097128078995822,0.10080767932809487,0.12568111574454988,0.12354604634096478,0.12062969233300502,0.10973133273184688,0.11825899736324141,0.10742526187797197,0.11535079516987412,0.11244755997523981
0.0010275886340191942,0.002449305211829955,0.0009943129540693763,0.0002555146934603014,0.000915850952076136,0.0004829898885062578,0.0006807404850114329,0.000422170181073378,0.0005493434442187528,0.0014791390226828183,0.0009307526818662648,1.0,0.0019470856323442476,0.0018498174879510998,0.004771424980043015,0.0028358661472545066,0.0030255426021813525,0.001130858715804428,0.000670355655275845,0.0009328456979393884,0.0013935241331413106,0.000983699833784657,0.005685483559986881,0.0019144360582172837,0.0010961098998668595,0.0026770659192630886,0.0006763779234089107,0.000739229614329151,0.0016168587873381934,0.0001979577125696963,0.0008802776296651382,0.0023819907360337345,0.0023199642109974494,0.002791318381569652,0.0013491132974168263,0.003225738219569174,0.0035250868456581097,0.0010524892955027232,0.0004979137438159142,0.0007021656006452881,0.0016800207411806767,0.010022835234711924,0.0005585544484756344,0.0019786372588987966,0.0009468404371606454,0.0019956071109755724,0.0004559379911541761,0.0002504981829888342,0.0007299218042770006,0.001156391042413607,0.060779251855585525,0.06227330787723395,0.07046216919174852,0.08132651020506032,0.0747678301832646,0.07873454628393095,0.06807724010211791,0.05605953787676321,0.06818101978825541,0.07105010529112366,0.07679901578105097,0.06448266317676687,0.07558035834381904,0.07796223347233056,0.04964260622444683,0.05815306805278875,0.07810511393930919,0.06343631052639187,0.09556455259514951,0.06673984956636292,0.08293037938638637,0.05900849173356637,0.0954188483945998,0.07818714267898608,0.0618324700773728,0.06150883298081611,0.0759270403180109,0.08079381841718869,0.07477189774475868,0.04961807337701718,0.06792750695464489,0.06328927096805104,0.06009933528466993,0.10140472823555569,0.08174566283231854,0.06418738288755732,0.06713550483067343,0.08476856688573231,0.0618270187138823,0.07435492782404596,0.0831035289457468,0.07215974291351168,0.06609470903577974,0.05836178766449773,0.0732519365176143,0.06210353518359535,0.06622043004905809,0.06358486845458555,0.04397115431546195,0.06586306763943839,0.12260074054674952,0.1106683747144005,0.106196059632507,0.10899833345652166,0.11518894259520684,0.11739847944493376,0.1124063542563184,0.11296741838787583,0.12096567695393401,0.10086213769469599,0.08589675050728662,0.1059063860199202,0.09977131348942592,0.11830710014483736,0.11878364834082789,0.09898934410540317,0.0994841411854992,0.09930050615163111,0.13860781194192406,0.11421784420477343,0.10167360302789097,0.10723785231261007,0.12323221757162273,0.09379137601283871,0.09872909147117481,0.09761741724806416,0.08919662970610653,0.08790659654073385,0.11533850553503278,0.09524168271826516,0.11037299119934696,0.08668431260489018,0.11722334440929294,0.09186632022772911,0.11676032325995322,0.106203205491612,0.10631344631348771,0.09835271652255817,0.08649275177478277,0.09283784589672373,0.10689110831572313,0.08894749550981684,0.1106683747144005,0.108772018885263,0.1061954869814663,0.09700521017834896,0.10523293925041088,0.0941296162074835,0.10043708219579162,0.09768950416074118
